#time0row7[msb-lsb],time0row6[msb-lst],....,time0row0[msb-lst]#
#time1row7[msb-lsb],time1row6[msb-lst],....,time1row0[msb-lst]#
#................#
00000000000000000001000000000010
00000000000000000001000000000010
00000000000000000010000000000010
00000000000000000000000000000000
00000000000000000000000000000000
00000000000000000000000000000001
00000000000000000000000000000001
00000000000000000000001000000010
00000000000000000010000000000010
00000000000000000010000000000010
00000000000000000001000000000010
00000000000000000010000000000010
00000000000000000001000000000010
00000000000000000001000000000010
00000000000000000001000000000010
00000000001000000000000000010010
00000000000000000010000000000001
00000000000000000000000000000001
00000000000000000000000000000001
00000000001000000000000100000001
00000000001100000000001100000010
00000000000100000000001000000010
00010000001000000000001000000010
00010000000000000011000000010010
00100000000000000100000000010000
00100000000000000010000000010000
00100000000000000001000000010000
00100000000000000001000000000000
00100000000000000010000000000000
00100000000000000001000000000000
00100000000100000000000000000000
00010000001100000000000100000001
00010000001000000000001100000011
00000000000000000011000100000011
00000000000000000010000000000010
00000000000000000001000000000010
00000000000000000010000000000010
00000000000000000000000000000000
00000000000000000000000000000000
00000000000000000000000000000000
00000000000100000000000000000000
00000000011000000000010000000011
00000000000000000001001100000011
00000000000000000011000000000010
00000000000000000010000000000010
00000000000000000001000000000010
00000000000000000010000000000010
00000000000000000001000000000010
00000000000000000001000000000010
00000000000000000000000000000010
00000000000000000000000000000010
00000000000000000000000000000010
00000000000000000000000000000000
00000000000000000000000000000000
00010000001000000000000000000001
00010000000000000010000000000001
00010000000100000001000000000001
00010000000100000011000000100010
00100000000000000101000000100000
00010000000000000010000000010000
00010000001000000000000000000000
00010000001000000000000000000001
00010000000000000010000000000000
00100000000000000001000000000000
